-1.000000000000000000e+00
-9.982407399999999598e-01
-9.912037000000000209e-01
-9.841666999999999499e-01
-9.771296000000000426e-01
-9.700925999999999716e-01
-9.630554999999999533e-01
-9.560184999999999933e-01
-9.451435999999999726e-01
-9.309935999999999767e-01
-9.128908000000000023e-01
-8.897310000000000496e-01
-8.601020000000000332e-01
-8.221960000000000379e-01
-7.737009999999999721e-01
-7.116590000000000416e-01
-6.351849999999999996e-01
-5.574069999999999858e-01
-4.796289999999999720e-01
-4.018509999999999582e-01
-3.240739999999999732e-01
-2.462959999999999594e-01
-1.685179999999999456e-01
-6.481499999999995598e-02
6.481000000000003425e-02
1.685200000000000031e-01
2.462999999999999634e-01
3.240700000000000802e-01
4.018500000000000405e-01
4.796300000000000008e-01
5.574099999999999611e-01
6.351800000000000779e-01
7.116599999999999593e-01
7.737000000000000544e-01
8.222000000000000419e-01
8.601000000000000867e-01
8.897299999999999098e-01
9.128899999999999793e-01
9.309899999999999842e-01
9.451400000000000912e-01
9.560200000000000919e-01
9.630600000000000271e-01
9.700899999999998968e-01
9.771300000000000541e-01
9.841699999999999893e-01
9.912000000000000810e-01
9.982400000000000162e-01
1.000000000000000000e+00
